0 0.23 0.14 0.05 0.09 0.22,0.14 0.24,0.13 0.23,0.15 0.22,0.17 0.24,0.17
0 0.50 0.19 0.05 0.09 0.49,0.19 0.51,0.18 0.50,0.20 0.49,0.21 0.51,0.21
0 0.72 0.21 0.06 0.10 0.70,0.20 0.73,0.20 0.72,0.21 0.71,0.23 0.73,0.23
0 0.60 0.14 0.05 0.09 0.59,0.12 0.61,0.13 0.60,0.14 0.59,0.16 0.61,0.16
0 0.43 0.18 0.05 0.09 0.43,0.18 0.44,0.18 0.44,0.19 0.43,0.21 0.44,0.21
0 0.94 0.18 0.03 0.05 0.94,0.17 0.95,0.17 0.95,0.18 0.94,0.19 0.95,0.19
0 0.85 0.17 0.03 0.05 0.84,0.16 0.85,0.17 0.85,0.17 0.84,0.18 0.85,0.18
0 0.19 0.09 0.02 0.04 0.19,0.08 0.20,0.08 0.20,0.09 0.19,0.10 0.20,0.10
0 0.90 0.06 0.03 0.04 0.89,0.06 0.90,0.06 0.89,0.07 0.89,0.07 0.90,0.07
0 0.36 0.05 0.02 0.04 0.35,0.05 0.36,0.05 0.35,0.06 0.35,0.07 0.36,0.07
0 0.50 0.09 0.03 0.05 0.49,0.09 0.50,0.09 0.49,0.10 0.49,0.11 0.50,0.11
0 0.98 0.09 0.03 0.05 0.97,0.08 0.98,0.08 0.97,0.09 0.97,0.10 0.98,0.10
0 0.64 0.10 0.03 0.06 0.63,0.10 0.64,0.10 0.63,0.11 0.63,0.12 0.64,0.12
0 0.37 0.16 0.02 0.05 0.37,0.15 0.37,0.15 0.37,0.16 0.37,0.17 0.37,0.17
0 0.31 0.18 0.04 0.08 0.30,0.17 0.31,0.17 0.30,0.19 0.30,0.20 0.31,0.20
0 0.41 0.09 0.03 0.05 0.40,0.08 0.41,0.08 0.40,0.09 0.40,0.10 0.41,0.10
