0 0.55 0.47 0.04 0.07 0.54,0.47 0.56,0.47 0.55,0.48 0.54,0.49 0.55,0.49
0 0.32 0.41 0.04 0.08 0.31,0.40 0.33,0.41 0.32,0.42 0.32,0.43 0.33,0.43
0 0.39 0.44 0.03 0.07 0.38,0.43 0.40,0.43 0.39,0.44 0.38,0.46 0.40,0.45
0 0.64 0.22 0.03 0.07 0.63,0.21 0.65,0.21 0.64,0.22 0.63,0.24 0.64,0.24
0 0.89 0.26 0.03 0.06 0.88,0.26 0.90,0.26 0.89,0.27 0.89,0.28 0.90,0.28
0 0.20 0.17 0.03 0.06 0.20,0.16 0.21,0.16 0.20,0.17 0.20,0.18 0.21,0.18
0 0.13 0.30 0.03 0.06 0.12,0.29 0.13,0.29 0.12,0.30 0.12,0.31 0.13,0.31
0 0.41 0.28 0.03 0.06 0.41,0.28 0.42,0.28 0.42,0.29 0.41,0.30 0.42,0.30
0 0.75 0.50 0.03 0.06 0.74,0.49 0.76,0.49 0.75,0.50 0.74,0.51 0.76,0.52
0 0.32 0.17 0.03 0.05 0.31,0.16 0.32,0.16 0.32,0.18 0.31,0.18 0.32,0.18
0 0.77 0.34 0.03 0.06 0.77,0.34 0.78,0.33 0.78,0.35 0.78,0.36 0.78,0.36
